0
0123456789,0
0123456789,0
0123456789,0
0123456789,0
0123456789,0
0123456789,0
0123456789,0
0123456789,0
0123456789,0
0123456789,0
0123456789,0
0123456789,0
0123456789,0
0123456789,0
0123456789,0
0123456789,0
0123456789,0
0123456789,0
0123456789,0
0123456789,0
0123456789,0
0123456789,0
0123456789,0
0123456789,0
0123456789,0
0123456789,0
0123456789,0
0123456789,0
0123456789,0
0123456789,0
0123456789,0
0123456789,0
0123456789,0
0123456789,0
0123456789,0
0123456789,0
0123456789,0
0123456789,0
0123456789,0
0123456789,0
0123456789,0
0123456789,0
0123456789,0
0123456789,0
0123456789,0
0123456789,0
0123456789,0
0123456789,0
0123456789,0
0123456789,0
0123456789,0
0123456789,0
0123456789,0
0123456789,0
0123456789,0
0123456789,0
0123456789,0
0123456789,0
0123456789,0
0123456789,0
0123456789,0
0123456789,0
0123456789,0
0123456789,0
0123456789,0
0123456789,0
0123456789,0
0123456789,0
0123456789,0
0123456789,0
0123456789,0
0123456789,0
0123456789,0
0123456789,0
0123456789,0
0123456789,0
0123456789,0
0123456789,0
0123456789,0
0123456789,0
0123456789,0
0123456789,0
0123456789,0
0123456789,0
0123456789,0
0123456789,0
0123456789,0
0123456789,0
0123456789,0
0123456789,0
0123456789,0
0123456789,0
0123456789,0
0123456789,0
0123456789,0
0123456789,0
0123456789,0
0123456789,0
0123456789,0
0123456789,0
